-2.000000 -2.000000 -135.099 0.810233
-2.000000 -1.900000 -136.581 0.787173
-2.000000 -1.800000 -138.139 0.764554
-2.000000 -1.700000 -139.777 0.742419
-2.000000 -1.600000 -141.499 0.720814
-2.000000 -1.500000 -143.306 0.699792
-2.000000 -1.400000 -145.203 0.679412
-2.000000 -1.300000 -147.19 0.65974
-2.000000 -1.200000 -149.268 0.640853
-2.000000 -1.100000 -151.437 0.622835
-2.000000 -1.000000 -153.697 0.60578
-2.000000 -0.900000 -156.044 0.589794
-2.000000 -0.800000 -158.475 0.57499
-2.000000 -0.700000 -160.983 0.561491
-2.000000 -0.600000 -163.562 0.549426
-2.000000 -0.500000 -166.204 0.538926
-2.000000 -0.400000 -168.899 0.53012
-2.000000 -0.300000 -171.636 0.523127
-2.000000 -0.200000 -174.406 0.51805
-2.000000 -0.100000 -177.198 0.51497
-2.000000 0.000000 180 0.513938
-2.000000 0.100000 177.198 0.51497
-2.000000 0.200000 174.406 0.51805
-2.000000 0.300000 171.636 0.523127
-2.000000 0.400000 168.899 0.53012
-2.000000 0.500000 166.204 0.538926
-2.000000 0.600000 163.562 0.549426
-2.000000 0.700000 160.983 0.561491
-2.000000 0.800000 158.475 0.57499
-2.000000 0.900000 156.044 0.589794
-2.000000 1.000000 153.697 0.60578
-2.000000 1.100000 151.437 0.622835
-2.000000 1.200000 149.268 0.640853
-2.000000 1.300000 147.19 0.65974
-2.000000 1.400000 145.203 0.679412
-2.000000 1.500000 143.306 0.699792
-2.000000 1.600001 141.499 0.720815
-2.000000 1.700001 139.777 0.74242
-2.000000 1.800001 138.139 0.764555
-2.000000 1.900001 136.581 0.787173
-1.900000 -2.000000 -133.644 0.787402
-1.900000 -1.900000 -135.128 0.763577
-1.900000 -1.800000 -136.694 0.740152
-1.900000 -1.700000 -138.346 0.717167
-1.900000 -1.600000 -140.087 0.694666
-1.900000 -1.500000 -141.921 0.672703
-1.900000 -1.400000 -143.852 0.651335
-1.900000 -1.300000 -145.882 0.630631
-1.900000 -1.200000 -148.012 0.61067
-1.900000 -1.100000 -150.244 0.591541
-1.900000 -1.000000 -152.576 0.573348
-1.900000 -0.900000 -155.006 0.556207
-1.900000 -0.800000 -157.529 0.540248
-1.900000 -0.700000 -160.139 0.525617
-1.900000 -0.600000 -162.827 0.512469
-1.900000 -0.500000 -165.584 0.500967
-1.900000 -0.400000 -168.399 0.491273
-1.900000 -0.300000 -171.26 0.483542
-1.900000 -0.200000 -174.154 0.47791
-1.900000 -0.100000 -177.072 0.474485
-1.900000 0.000000 180 0.473336
-1.900000 0.100000 177.072 0.474485
-1.900000 0.200000 174.154 0.47791
-1.900000 0.300000 171.26 0.483542
-1.900000 0.400000 168.399 0.491273
-1.900000 0.500000 165.584 0.500967
-1.900000 0.600000 162.827 0.51247
-1.900000 0.700000 160.139 0.525618
-1.900000 0.800000 157.529 0.540248
-1.900000 0.900000 155.006 0.556207
-1.900000 1.000000 152.576 0.573348
-1.900000 1.100000 150.244 0.591541
-1.900000 1.200000 148.012 0.61067
-1.900000 1.300000 145.882 0.630631
-1.900000 1.400000 143.852 0.651335
-1.900000 1.500000 141.921 0.672703
-1.900000 1.600001 140.087 0.694666
-1.900000 1.700001 138.346 0.717167
-1.900000 1.800001 136.694 0.740152
-1.900000 1.900001 135.128 0.763577
-1.800000 -2.000000 -132.115 0.765073
-1.800000 -1.900000 -133.599 0.740449
-1.800000 -1.800000 -135.169 0.716176
-1.800000 -1.700000 -136.83 0.69229
-1.800000 -1.600000 -138.588 0.668833
-1.800000 -1.500000 -140.447 0.645855
-1.800000 -1.400000 -142.412 0.623412
-1.800000 -1.300000 -144.485 0.601572
-1.800000 -1.200000 -146.67 0.580415
-1.800000 -1.100000 -148.967 0.560033
-1.800000 -1.000000 -151.377 0.540537
-1.800000 -0.900000 -153.897 0.522056
-1.800000 -0.800000 -156.521 0.504739
-1.800000 -0.700000 -159.242 0.488755
-1.800000 -0.600000 -162.05 0.474294
-1.800000 -0.500000 -164.932 0.461557
-1.800000 -0.400000 -167.877 0.450756
-1.800000 -0.300000 -170.869 0.442094
-1.800000 -0.200000 -173.895 0.435756
-1.800000 -0.100000 -176.942 0.431889
-1.800000 0.000000 180 0.430589
-1.800000 0.100000 176.942 0.431889
-1.800000 0.200000 173.895 0.435756
-1.800000 0.300000 170.869 0.442094
-1.800000 0.400000 167.877 0.450756
-1.800000 0.500000 164.932 0.461557
-1.800000 0.600000 162.05 0.474294
-1.800000 0.700000 159.242 0.488755
-1.800000 0.800000 156.521 0.504739
-1.800000 0.900000 153.896 0.522056
-1.800000 1.000000 151.377 0.540537
-1.800000 1.100000 148.967 0.560033
-1.800000 1.200000 146.67 0.580415
-1.800000 1.300000 144.485 0.601572
-1.800000 1.400000 142.412 0.623412
-1.800000 1.500000 140.447 0.645855
-1.800000 1.600001 138.588 0.668833
-1.800000 1.700001 136.83 0.69229
-1.800000 1.800001 135.169 0.716176
-1.800000 1.900001 133.599 0.740449
-1.700000 -2.000000 -130.509 0.743295
-1.700000 -1.900000 -131.988 0.717841
-1.700000 -1.800000 -133.558 0.692679
-1.700000 -1.700000 -135.226 0.667842
-1.700000 -1.600000 -136.998 0.643366
-1.700000 -1.500000 -138.879 0.619295
-1.700000 -1.400000 -140.876 0.595683
-1.700000 -1.300000 -142.993 0.572592
-1.700000 -1.200000 -145.234 0.550099
-1.700000 -1.100000 -147.601 0.5283
-1.700000 -1.000000 -150.096 0.507307
-1.700000 -0.900000 -152.714 0.487261
-1.700000 -0.800000 -155.451 0.468329
-1.700000 -0.700000 -158.297 0.450709
-1.700000 -0.600000 -161.239 0.43463
-1.700000 -0.500000 -164.261 0.420348
-1.700000 -0.400000 -167.347 0.408138
-1.700000 -0.300000 -170.478 0.398275
-1.700000 -0.200000 -173.638 0.391015
-1.700000 -0.100000 -176.816 0.386566
-1.700000 0.000000 180 0.385067
-1.700000 0.100000 176.816 0.386566
-1.700000 0.200000 173.638 0.391015
-1.700000 0.300000 170.478 0.398275
-1.700000 0.400000 167.347 0.408138
-1.700000 0.500000 164.261 0.420348
-1.700000 0.600000 161.239 0.43463
-1.700000 0.700000 158.297 0.450709
-1.700000 0.800000 155.451 0.468329
-1.700000 0.900000 152.714 0.487261
-1.700000 1.000000 150.096 0.507307
-1.700000 1.100000 147.601 0.5283
-1.700000 1.200000 145.234 0.550099
-1.700000 1.300000 142.993 0.572592
-1.700000 1.400000 140.876 0.595683
-1.700000 1.500000 138.879 0.619295
-1.700000 1.600001 136.998 0.643366
-1.700000 1.700001 135.226 0.667842
-1.700000 1.800001 133.558 0.692679
-1.700000 1.900001 131.988 0.717841
-1.600000 -2.000000 -128.822 0.722128
-1.600000 -1.900000 -130.291 0.695813
-1.600000 -1.800000 -131.858 0.669724
-1.600000 -1.700000 -133.528 0.643885
-1.600000 -1.600000 -135.31 0.618325
-1.600000 -1.500000 -137.21 0.593082
-1.600000 -1.400000 -139.238 0.568199
-1.600000 -1.300000 -141.399 0.543731
-1.600000 -1.200000 -143.699 0.519748
-1.600000 -1.100000 -146.142 0.496341
-1.600000 -1.000000 -148.731 0.473622
-1.600000 -0.900000 -151.462 0.451736
-1.600000 -0.800000 -154.329 0.430868
-1.600000 -0.700000 -157.32 0.411245
-1.600000 -0.600000 -160.419 0.393144
-1.600000 -0.500000 -163.601 0.37689
-1.600000 -0.400000 -166.844 0.362846
-1.600000 -0.300000 -170.121 0.351392
-1.600000 -0.200000 -173.413 0.342892
-1.600000 -0.100000 -176.707 0.337653
-1.600000 0.000000 180 0.335883
-1.600000 0.100000 176.707 0.337653
-1.600000 0.200000 173.413 0.342892
-1.600000 0.300000 170.121 0.351392
-1.600000 0.400000 166.844 0.362846
-1.600000 0.500000 163.601 0.376891
-1.600000 0.600000 160.419 0.393144
-1.600000 0.700000 157.32 0.411245
-1.600000 0.800000 154.329 0.430868
-1.600000 0.900000 151.462 0.451736
-1.600000 1.000000 148.731 0.473622
-1.600000 1.100000 146.142 0.496341
-1.600000 1.200000 143.699 0.519749
-1.600000 1.300000 141.399 0.543731
-1.600000 1.400000 139.238 0.568199
-1.600000 1.500000 137.21 0.593082
-1.600000 1.600001 135.31 0.618326
-1.600000 1.700001 133.528 0.643885
-1.600000 1.800001 131.858 0.669724
-1.600000 1.900001 130.291 0.695813
-1.500000 -2.000000 -127.051 0.701634
-1.500000 -1.900000 -128.506 0.674432
-1.500000 -1.800000 -130.062 0.647379
-1.500000 -1.700000 -131.729 0.62049
-1.500000 -1.600000 -133.517 0.593785
-1.500000 -1.500000 -135.434 0.567288
-1.500000 -1.400000 -137.49 0.541028
-1.500000 -1.300000 -139.696 0.515049
-1.500000 -1.200000 -142.059 0.489405
-1.500000 -1.100000 -144.588 0.464173
-1.500000 -1.000000 -147.284 0.439457
-1.500000 -0.900000 -150.149 0.415399
-1.500000 -0.800000 -153.175 0.392192
-1.500000 -0.700000 -156.347 0.370091
-1.500000 -0.600000 -159.64 0.349425
-1.500000 -0.500000 -163.02 0.330605
-1.500000 -0.400000 -166.446 0.314115
-1.500000 -0.300000 -169.878 0.30049
-1.500000 -0.200000 -173.285 0.290267
-1.500000 -0.100000 -176.656 0.283915
-1.500000 0.000000 180 0.281759
-1.500000 0.100000 176.656 0.283915
-1.500000 0.200000 173.285 0.290267
-1.500000 0.300000 169.878 0.30049
-1.500000 0.400000 166.446 0.314115
-1.500000 0.500000 163.02 0.330605
-1.500000 0.600000 159.64 0.349426
-1.500000 0.700000 156.347 0.370091
-1.500000 0.800000 153.175 0.392192
-1.500000 0.900000 150.149 0.415399
-1.500000 1.000000 147.284 0.439457
-1.500000 1.100000 144.588 0.464173
-1.500000 1.200000 142.059 0.489405
-1.500000 1.300000 139.696 0.515049
-1.500000 1.400000 137.49 0.541028
-1.500000 1.500000 135.434 0.567288
-1.500000 1.600001 133.517 0.593786
-1.500000 1.700001 131.729 0.620491
-1.500000 1.800001 130.062 0.647379
-1.500000 1.900001 128.506 0.674432
-1.400000 -2.000000 -125.193 0.681883
-1.400000 -1.900000 -126.627 0.653772
-1.400000 -1.800000 -128.167 0.625725
-1.400000 -1.700000 -129.825 0.597744
-1.400000 -1.600000 -131.613 0.569834
-1.400000 -1.500000 -133.542 0.542002
-1.400000 -1.400000 -135.626 0.51426
-1.400000 -1.300000 -137.877 0.486628
-1.400000 -1.200000 -140.31 0.459137
-1.400000 -1.100000 -142.936 0.431839
-1.400000 -1.000000 -145.764 0.404815
-1.400000 -0.900000 -148.797 0.378186
-1.400000 -0.800000 -152.031 0.352139
-1.400000 -0.700000 -155.448 0.326944
-1.400000 -0.600000 -159.013 0.30298
-1.400000 -0.500000 -162.67 0.280756
-1.400000 -0.400000 -166.344 0.260922
-1.400000 -0.300000 -169.955 0.24424
-1.400000 -0.200000 -173.435 0.231527
-1.400000 -0.100000 -176.767 0.223536
-1.400000 0.000000 180 0.220806
-1.400000 0.100000 176.767 0.223536
-1.400000 0.200000 173.435 0.231527
-1.400000 0.300000 169.955 0.24424
-1.400000 0.400000 166.344 0.260922
-1.400000 0.500000 162.67 0.280757
-1.400000 0.600000 159.013 0.30298
-1.400000 0.700000 155.448 0.326944
-1.400000 0.800000 152.031 0.35214
-1.400000 0.900000 148.797 0.378186
-1.400000 1.000000 145.764 0.404815
-1.400000 1.100000 142.936 0.43184
-1.400000 1.200000 140.31 0.459137
-1.400000 1.300000 137.877 0.486628
-1.400000 1.400000 135.626 0.51426
-1.400000 1.500000 133.542 0.542002
-1.400000 1.600001 131.613 0.569834
-1.400000 1.700001 129.825 0.597744
-1.400000 1.800001 128.167 0.625725
-1.400000 1.900001 126.627 0.653773
-1.300000 -2.000000 -123.246 0.662952
-1.300000 -1.900000 -124.651 0.633918
-1.300000 -1.800000 -126.168 0.604851
-1.300000 -1.700000 -127.81 0.575741
-1.300000 -1.600000 -129.591 0.546573
-1.300000 -1.500000 -131.528 0.517333
-1.300000 -1.400000 -133.636 0.488006
-1.300000 -1.300000 -135.936 0.458579
-1.300000 -1.200000 -138.447 0.429049
-1.300000 -1.100000 -141.191 0.399424
-1.300000 -1.000000 -144.186 0.369739
-1.300000 -0.900000 -147.448 0.340073
-1.300000 -0.800000 -150.983 0.310574
-1.300000 -0.700000 -154.778 0.281498
-1.300000 -0.600000 -158.792 0.253254
-1.300000 -0.500000 -162.939 0.226449
-1.300000 -0.400000 -167.071 0.201934
-1.300000 -0.300000 -170.987 0.180799
-1.300000 -0.200000 -174.473 0.164317
-1.300000 -0.100000 -177.428 0.153759
-1.300000 0.000000 180 0.150114
-1.300000 0.100000 177.428 0.153759
-1.300000 0.200000 174.473 0.164317
-1.300000 0.300000 170.987 0.1808
-1.300000 0.400000 167.071 0.201934
-1.300000 0.500000 162.939 0.226449
-1.300000 0.600000 158.792 0.253254
-1.300000 0.700000 154.778 0.281499
-1.300000 0.800000 150.983 0.310574
-1.300000 0.900000 147.448 0.340073
-1.300000 1.000000 144.186 0.369739
-1.300000 1.100000 141.191 0.399424
-1.300000 1.200000 138.447 0.429049
-1.300000 1.300000 135.936 0.458579
-1.300000 1.400000 133.636 0.488006
-1.300000 1.500000 131.528 0.517333
-1.300000 1.600001 129.591 0.546574
-1.300000 1.700001 127.81 0.575741
-1.300000 1.800001 126.168 0.604852
-1.300000 1.900001 124.651 0.633918
-1.200000 -2.000000 -121.206 0.644922
-1.200000 -1.900000 -122.574 0.614958
-1.200000 -1.800000 -124.06 0.584858
-1.200000 -1.700000 -125.678 0.554593
-1.200000 -1.600000 -127.445 0.524126
-1.200000 -1.500000 -129.382 0.493413
-1.200000 -1.400000 -131.513 0.462407
-1.200000 -1.300000 -133.864 0.431052
-1.200000 -1.200000 -136.467 0.399291
-1.200000 -1.100000 -139.359 0.367068
-1.200000 -1.000000 -142.581 0.334345
-1.200000 -0.900000 -146.179 0.301116
-1.200000 -0.800000 -150.196 0.267448
-1.200000 -0.700000 -154.67 0.233531
-1.200000 -0.600000 -159.614 0.199753
-1.200000 -0.500000 -164.976 0.166791
-1.200000 -0.400000 -170.558 0.1357
-1.200000 -0.300000 -175.868 0.107959
-1.200000 -0.200000 -179.913 0.0854532
-1.200000 -0.100000 178.656 0.0704015
-1.200000 0.000000 -180 0.0650287
-1.200000 0.100000 -178.656 0.0704016
-1.200000 0.200000 179.912 0.0854534
-1.200000 0.300000 175.867 0.107959
-1.200000 0.400000 170.558 0.1357
-1.200000 0.500000 164.975 0.166791
-1.200000 0.600000 159.614 0.199753
-1.200000 0.700000 154.67 0.233531
-1.200000 0.800000 150.196 0.267448
-1.200000 0.900000 146.179 0.301116
-1.200000 1.000000 142.581 0.334345
-1.200000 1.100000 139.359 0.367069
-1.200000 1.200000 136.467 0.399291
-1.200000 1.300000 133.864 0.431053
-1.200000 1.400000 131.513 0.462408
-1.200000 1.500000 129.382 0.493414
-1.200000 1.600001 127.445 0.524126
-1.200000 1.700001 125.678 0.554593
-1.200000 1.800001 124.06 0.584859
-1.200000 1.900001 122.574 0.614958
-1.100000 -2.000000 -119.073 0.62788
-1.100000 -1.900000 -120.395 0.596991
-1.100000 -1.800000 -121.84 0.565855
-1.100000 -1.700000 -123.423 0.534422
-1.100000 -1.600000 -125.167 0.502629
-1.100000 -1.500000 -127.098 0.470398
-1.100000 -1.400000 -129.246 0.437638
-1.100000 -1.300000 -131.651 0.404239
-1.100000 -1.200000 -134.365 0.370071
-1.100000 -1.100000 -137.451 0.334992
-1.100000 -1.000000 -140.998 0.298851
-1.100000 -0.900000 -145.125 0.261516
-1.100000 -0.800000 -150.01 0.222916
-1.100000 -0.700000 -155.935 0.183134
-1.100000 -0.600000 -163.408 0.142556
-1.100000 -0.500000 -173.529 0.102148
-1.100000 -0.400000 170.606 0.0640078
-1.100000 -0.300000 137.137 0.033431
-1.100000 -0.200000 67.9705 0.0258646
-1.100000 -0.100000 24.1373 0.0368729
-1.100000 0.000000 -0.000135436 0.0423048
-1.100000 0.100000 -24.1375 0.0368728
-1.100000 0.200000 -67.9707 0.0258645
-1.100000 0.300000 -137.138 0.0334312
-1.100000 0.400000 -170.606 0.064008
-1.100000 0.500000 173.529 0.102148
-1.100000 0.600000 163.408 0.142556
-1.100000 0.700000 155.935 0.183134
-1.100000 0.800000 150.01 0.222916
-1.100000 0.900000 145.125 0.261516
-1.100000 1.000000 140.998 0.298851
-1.100000 1.100000 137.451 0.334992
-1.100000 1.200000 134.365 0.370072
-1.100000 1.300000 131.651 0.404239
-1.100000 1.400000 129.246 0.437639
-1.100000 1.500000 127.098 0.470398
-1.100000 1.600001 125.167 0.502629
-1.100000 1.700001 123.423 0.534422
-1.100000 1.800001 121.84 0.565855
-1.100000 1.900001 120.395 0.596991
-1.000000 -2.000000 -116.845 0.611918
-1.000000 -1.900000 -118.111 0.580119
-1.000000 -1.800000 -119.504 0.54796
-1.000000 -1.700000 -121.041 0.515364
-1.000000 -1.600000 -122.751 0.482238
-1.000000 -1.500000 -124.664 0.448467
-1.000000 -1.400000 -126.824 0.413906
-1.000000 -1.300000 -129.288 0.378379
-1.000000 -1.200000 -132.135 0.341668
-1.000000 -1.100000 -135.482 0.303515
-1.000000 -1.000000 -139.511 0.263628
-1.000000 -0.900000 -144.534 0.221713
-1.000000 -0.800000 -151.16 0.177581
-1.000000 -0.700000 -160.834 0.131465
-1.000000 -0.600000 -178.059 0.085266
-1.000000 -0.500000 139.618 0.0498401
-1.000000 -0.400000 73.8675 0.0605666
-1.000000 -0.300000 42.701 0.102842
-1.000000 -0.200000 25.6898 0.145002
-1.000000 -0.100000 12.3451 0.175084
-1.000000 0.000000 -3.08041e-05 0.186
-1.000000 0.100000 -12.3451 0.175084
-1.000000 0.200000 -25.6899 0.145002
-1.000000 0.300000 -42.7011 0.102841
-1.000000 0.400000 -73.8678 0.0605664
-1.000000 0.500000 -139.618 0.0498402
-1.000000 0.600000 178.059 0.0852662
-1.000000 0.700000 160.834 0.131465
-1.000000 0.800000 151.16 0.177581
-1.000000 0.900000 144.534 0.221713
-1.000000 1.000000 139.511 0.263628
-1.000000 1.100000 135.482 0.303515
-1.000000 1.200000 132.135 0.341668
-1.000000 1.300000 129.288 0.378379
-1.000000 1.400000 126.824 0.413906
-1.000000 1.500000 124.664 0.448467
-1.000000 1.600001 122.751 0.482238
-1.000000 1.700001 121.041 0.515364
-1.000000 1.800001 119.504 0.54796
-1.000000 1.900001 118.111 0.58012
-0.900000 -2.000000 -114.522 0.597129
-0.900000 -1.900000 -115.721 0.564452
-0.900000 -1.800000 -117.049 0.531296
-0.900000 -1.700000 -118.527 0.497562
-0.900000 -1.600000 -120.188 0.463123
-0.900000 -1.500000 -122.071 0.427819
-0.900000 -1.400000 -124.233 0.39145
-0.900000 -1.300000 -126.756 0.35376
-0.900000 -1.200000 -129.765 0.314431
-0.900000 -1.100000 -133.464 0.273072
-0.900000 -1.000000 -138.227 0.229238
-0.900000 -0.900000 -144.84 0.18253
-0.900000 -0.800000 -155.351 0.133063
-0.900000 -0.700000 -176.931 0.0839676
-0.900000 -0.600000 127.312 0.058071
-0.900000 -0.500000 73.3384 0.0970119
-0.900000 -0.400000 50.4526 0.167543
-0.900000 -0.300000 36.1427 0.245869
-0.900000 -0.200000 23.899 0.319426
-0.900000 -0.100000 11.9853 0.373473
-0.900000 0.000000 -4.36728e-05 0.393581
-0.900000 0.100000 -11.9854 0.373472
-0.900000 0.200000 -23.8991 0.319426
-0.900000 0.300000 -36.1428 0.245868
-0.900000 0.400000 -50.4527 0.167543
-0.900000 0.500000 -73.3386 0.0970116
-0.900000 0.600000 -127.313 0.0580709
-0.900000 0.700000 176.931 0.083968
-0.900000 0.800000 155.351 0.133063
-0.900000 0.900000 144.84 0.182531
-0.900000 1.000000 138.227 0.229238
-0.900000 1.100000 133.464 0.273072
-0.900000 1.200000 129.765 0.314431
-0.900000 1.300000 126.756 0.35376
-0.900000 1.400000 124.233 0.39145
-0.900000 1.500000 122.071 0.427819
-0.900000 1.600001 120.188 0.463123
-0.900000 1.700001 118.527 0.497562
-0.900000 1.800001 117.049 0.531297
-0.900000 1.900001 115.721 0.564452
-0.800000 -2.000000 -112.105 0.583608
-0.800000 -1.900000 -113.225 0.550098
-0.800000 -1.800000 -114.474 0.515993
-0.800000 -1.700000 -115.878 0.481169
-0.800000 -1.600000 -117.472 0.445464
-0.800000 -1.500000 -119.307 0.408673
-0.800000 -1.400000 -121.456 0.370535
-0.800000 -1.300000 -124.035 0.330713
-0.800000 -1.200000 -127.231 0.288779
-0.800000 -1.100000 -131.397 0.244213
-0.800000 -1.000000 -137.275 0.196465
-0.800000 -0.900000 -146.805 0.145362
-0.800000 -0.800000 -166.749 0.0935545
-0.800000 -0.700000 139.838 0.0642292
-0.800000 -0.600000 85.0526 0.108721
-0.800000 -0.500000 62.6217 0.198205
-0.800000 -0.400000 49.1914 0.311697
-0.800000 -0.300000 37.6561 0.442509
-0.800000 -0.200000 25.9086 0.576271
-0.800000 -0.100000 13.2992 0.683043
-0.800000 0.000000 -3.95222e-05 0.724856
-0.800000 0.100000 -13.2993 0.683042
-0.800000 0.200000 -25.9087 0.57627
-0.800000 0.300000 -37.6561 0.442508
-0.800000 0.400000 -49.1915 0.311696
-0.800000 0.500000 -62.6218 0.198205
-0.800000 0.600000 -85.0528 0.108721
-0.800000 0.700000 -139.838 0.0642292
-0.800000 0.800000 166.749 0.0935548
-0.800000 0.900000 146.805 0.145363
-0.800000 1.000000 137.275 0.196465
-0.800000 1.100000 131.397 0.244213
-0.800000 1.200000 127.231 0.28878
-0.800000 1.300000 124.035 0.330713
-0.800000 1.400000 121.456 0.370535
-0.800000 1.500000 119.307 0.408673
-0.800000 1.600001 117.472 0.445464
-0.800000 1.700001 115.878 0.481169
-0.800000 1.800001 114.474 0.515994
-0.800000 1.900001 113.225 0.550098
-0.700000 -2.000000 -109.597 0.571448
-0.700000 -1.900000 -110.625 0.537165
-0.700000 -1.800000 -111.78 0.502179
-0.700000 -1.700000 -113.09 0.466337
-0.700000 -1.600000 -114.597 0.429445
-0.700000 -1.500000 -116.361 0.391256
-0.700000 -1.400000 -118.475 0.351445
-0.700000 -1.300000 -121.091 0.309597
-0.700000 -1.200000 -124.49 0.265181
-0.700000 -1.100000 -129.245 0.217576
-0.700000 -1.000000 -136.774 0.166288
-0.700000 -0.900000 -151.661 0.112382
-0.700000 -0.800000 167.63 0.0696013
-0.700000 -0.700000 104.252 0.0960087
-0.700000 -0.600000 77.0797 0.187951
-0.700000 -0.500000 63.5763 0.319076
-0.700000 -0.400000 53.0938 0.493438
-0.700000 -0.300000 42.4985 0.718243
-0.700000 -0.200000 30.3426 0.983025
-0.700000 0.200000 -30.3426 0.983024
-0.700000 0.300000 -42.4986 0.718241
-0.700000 0.400000 -53.0938 0.493436
-0.700000 0.500000 -63.5764 0.319075
-0.700000 0.600000 -77.0799 0.187951
-0.700000 0.700000 -104.252 0.0960081
-0.700000 0.800000 -167.63 0.0696014
-0.700000 0.900000 151.66 0.112382
-0.700000 1.000000 136.774 0.166288
-0.700000 1.100000 129.245 0.217576
-0.700000 1.200000 124.49 0.265181
-0.700000 1.300000 121.091 0.309597
-0.700000 1.400000 118.475 0.351445
-0.700000 1.500000 116.361 0.391256
-0.700000 1.600001 114.597 0.429446
-0.700000 1.700001 113.09 0.466337
-0.700000 1.800001 111.78 0.502179
-0.700000 1.900001 110.625 0.537165
-0.600000 -2.000000 -107.002 0.560737
-0.600000 -1.900000 -107.925 0.525758
-0.600000 -1.800000 -108.969 0.489976
-0.600000 -1.700000 -110.166 0.453214
-0.600000 -1.600000 -111.561 0.415249
-0.600000 -1.500000 -113.223 0.375791
-0.600000 -1.400000 -115.266 0.334462
-0.600000 -1.300000 -117.886 0.290774
-0.600000 -1.200000 -121.471 0.244116
-0.600000 -1.100000 -126.907 0.193822
-0.600000 -1.000000 -136.729 0.139748
-0.600000 -0.900000 -160.858 0.0865379
-0.600000 -0.800000 136.532 0.0735653
-0.600000 -0.700000 94.4288 0.146617
-0.600000 -0.600000 78.4261 0.271241
-0.600000 -0.500000 68.729 0.45002
-0.600000 -0.400000 60.1546 0.711474
-0.600000 0.400000 -60.1546 0.711472
-0.600000 0.500000 -68.7291 0.450019
-0.600000 0.600000 -78.4262 0.27124
-0.600000 0.700000 -94.429 0.146616
-0.600000 0.800000 -136.532 0.073565
-0.600000 0.900000 160.858 0.0865382
-0.600000 1.000000 136.729 0.139748
-0.600000 1.100000 126.907 0.193822
-0.600000 1.200000 121.471 0.244116
-0.600000 1.300000 117.886 0.290775
-0.600000 1.400000 115.266 0.334462
-0.600000 1.500000 113.223 0.375791
-0.600000 1.600001 111.561 0.415249
-0.600000 1.700001 110.166 0.453214
-0.600000 1.800001 108.969 0.489976
-0.600000 1.900001 107.925 0.525759
-0.500000 -2.000000 -104.326 0.551556
-0.500000 -1.900000 -105.13 0.515974
-0.500000 -1.800000 -106.046 0.4795
-0.500000 -1.700000 -107.107 0.44194
-0.500000 -1.600000 -108.362 0.403044
-0.500000 -1.500000 -109.886 0.362488
-0.500000 -1.400000 -111.809 0.319852
-0.500000 -1.300000 -114.37 0.274589
-0.500000 -1.200000 -118.073 0.226031
-0.500000 -1.100000 -124.181 0.173538
-0.500000 -1.000000 -136.846 0.117683
-0.500000 -0.900000 -174.189 0.0704232
-0.500000 -0.800000 120.351 0.0944048
-0.500000 -0.700000 94.1988 0.194077
-0.500000 -0.600000 83.4062 0.345805
-0.500000 -0.500000 76.4136 0.573553
-0.500000 -0.400000 70.0051 0.941217
-0.500000 0.400000 -70.0051 0.941214
-0.500000 0.500000 -76.4137 0.573552
-0.500000 0.600000 -83.4062 0.345803
-0.500000 0.700000 -94.1989 0.194077
-0.500000 0.800000 -120.351 0.0944044
-0.500000 0.900000 174.188 0.0704235
-0.500000 1.000000 136.846 0.117683
-0.500000 1.100000 124.181 0.173538
-0.500000 1.200000 118.073 0.226031
-0.500000 1.300000 114.37 0.27459
-0.500000 1.400000 111.809 0.319852
-0.500000 1.500000 109.886 0.362489
-0.500000 1.600001 108.362 0.403044
-0.500000 1.700001 107.107 0.44194
-0.500000 1.800001 106.046 0.4795
-0.500000 1.900001 105.13 0.515974
-0.400000 -2.000000 -101.578 0.543978
-0.400000 -1.900000 -102.248 0.507895
-0.400000 -1.800000 -103.019 0.470851
-0.400000 -1.700000 -103.923 0.432635
-0.400000 -1.600000 -105.006 0.392978
-0.400000 -1.500000 -106.35 0.351533
-0.400000 -1.400000 -108.091 0.307846
-0.400000 -1.300000 -110.501 0.261334
-0.400000 -1.200000 -114.18 0.211295
-0.400000 -1.100000 -120.765 0.157154
-0.400000 -1.000000 -136.33 0.100409
-0.400000 -0.900000 172.717 0.0631298
-0.400000 -0.800000 115.54 0.11418
-0.400000 -0.700000 97.6209 0.228396
-0.400000 -0.600000 90.1736 0.398159
-0.400000 -0.500000 85.7411 0.661543
-0.400000 0.500000 -85.7411 0.661541
-0.400000 0.600000 -90.1737 0.398158
-0.400000 0.700000 -97.6209 0.228395
-0.400000 0.800000 -115.54 0.11418
-0.400000 0.900000 -172.717 0.0631298
-0.400000 1.000000 136.33 0.100409
-0.400000 1.100000 120.765 0.157155
-0.400000 1.200000 114.18 0.211296
-0.400000 1.300000 110.501 0.261334
-0.400000 1.400000 108.091 0.307846
-0.400000 1.500000 106.35 0.351533
-0.400000 1.600001 105.006 0.392978
-0.400000 1.700001 103.923 0.432635
-0.400000 1.800001 103.019 0.470851
-0.400000 1.900001 102.248 0.507896
-0.300000 -2.000000 -98.7676 0.538062
-0.300000 -1.900000 -99.2924 0.501594
-0.300000 -1.800000 -99.9019 0.464112
-0.300000 -1.700000 -100.625 0.425399
-0.300000 -1.600000 -101.506 0.385172
-0.300000 -1.500000 -102.621 0.343071
-0.300000 -1.400000 -104.11 0.298625
-0.300000 -1.300000 -106.248 0.251232
-0.300000 -1.200000 -109.687 0.200174
-0.300000 -1.100000 -116.305 0.144916
-0.300000 -1.000000 -133.873 0.0876217
-0.300000 -0.900000 164.86 0.0592262
-0.300000 -0.800000 115.727 0.124527
-0.300000 -0.700000 102.444 0.243679
-0.300000 -0.600000 97.5838 0.417385
-0.300000 -0.500000 95.6809 0.686859
-0.300000 0.500000 -95.6809 0.686856
-0.300000 0.600000 -97.5839 0.417384
-0.300000 0.700000 -102.444 0.243678
-0.300000 0.800000 -115.728 0.124527
-0.300000 0.900000 -164.86 0.0592261
-0.300000 1.000000 133.872 0.087622
-0.300000 1.100000 116.305 0.144916
-0.300000 1.200000 109.687 0.200175
-0.300000 1.300000 106.248 0.251232
-0.300000 1.400000 104.109 0.298625
-0.300000 1.500000 102.621 0.343071
-0.300000 1.600001 101.506 0.385172
-0.300000 1.700001 100.625 0.425399
-0.300000 1.800001 99.9019 0.464113
-0.300000 1.900001 99.2924 0.501594
-0.200000 -2.000000 -95.9072 0.533854
-0.200000 -1.900000 -96.2759 0.497122
-0.200000 -1.800000 -96.7093 0.459347
-0.200000 -1.700000 -97.2311 0.420304
-0.200000 -1.600000 -97.8802 0.379712
-0.200000 -1.500000 -98.723 0.337203
-0.200000 -1.400000 -99.8835 0.292308
-0.200000 -1.300000 -101.619 0.244423
-0.200000 -1.200000 -104.546 0.192826
-0.200000 -1.100000 -110.539 0.136939
-0.200000 -1.000000 -128.047 0.0788084
-0.200000 -0.900000 163.454 0.0531771
-0.200000 -0.800000 117.745 0.122793
-0.200000 -0.700000 107.333 0.238369
-0.200000 -0.600000 104.569 0.400925
-0.200000 -0.500000 104.946 0.643351
-0.200000 0.500000 -104.946 0.643349
-0.200000 0.600000 -104.569 0.400924
-0.200000 0.700000 -107.334 0.238368
-0.200000 0.800000 -117.745 0.122793
-0.200000 0.900000 -163.455 0.0531769
-0.200000 1.000000 128.047 0.0788088
-0.200000 1.100000 110.539 0.136939
-0.200000 1.200000 104.546 0.192826
-0.200000 1.300000 101.619 0.244423
-0.200000 1.400000 99.8835 0.292308
-0.200000 1.500000 98.723 0.337203
-0.200000 1.600001 97.8802 0.379712
-0.200000 1.700001 97.2311 0.420305
-0.200000 1.800001 96.7093 0.459347
-0.200000 1.900001 96.2759 0.497122
-0.100000 -2.000000 -93.0113 0.531384
-0.100000 -1.900000 -93.2156 0.494515
-0.100000 -1.800000 -93.4614 0.456593
-0.100000 -1.700000 -93.7661 0.417396
-0.100000 -1.600000 -94.1584 0.376645
-0.100000 -1.500000 -94.6891 0.333982
-0.100000 -1.400000 -95.4552 0.288951
-0.100000 -1.300000 -96.6616 0.240964
-0.100000 -1.200000 -98.8098 0.189307
-0.100000 -1.100000 -103.455 0.133295
-0.100000 -1.000000 -118.038 0.0739898
-0.100000 -0.900000 168.578 0.0425125
-0.100000 -0.800000 119.671 0.109664
-0.100000 -0.700000 111.116 0.215529
-0.100000 -0.600000 109.995 0.356262
-0.100000 -0.500000 112.151 0.55119
-0.100000 -0.400000 117.032 0.839126
-0.100000 0.400000 -117.032 0.839124
-0.100000 0.500000 -112.151 0.551189
-0.100000 0.600000 -109.995 0.356261
-0.100000 0.700000 -111.116 0.215529
-0.100000 0.800000 -119.671 0.109663
-0.100000 0.900000 -168.578 0.0425124
-0.100000 1.000000 118.038 0.0739901
-0.100000 1.100000 103.455 0.133295
-0.100000 1.200000 98.8098 0.189307
-0.100000 1.300000 96.6616 0.240965
-0.100000 1.400000 95.4552 0.288951
-0.100000 1.500000 94.6891 0.333983
-0.100000 1.600001 94.1584 0.376645
-0.100000 1.700001 93.7661 0.417396
-0.100000 1.800001 93.4614 0.456593
-0.100000 1.900001 93.2156 0.494516
0.000000 -2.000000 -90.0954 0.530669
0.000000 -1.900000 -90.1302 0.493789
0.000000 -1.800000 -90.1812 0.455867
0.000000 -1.700000 -90.2577 0.416688
0.000000 -1.600000 -90.3764 0.375983
0.000000 -1.500000 -90.5675 0.333413
0.000000 -1.400000 -90.8909 0.288545
0.000000 -1.300000 -91.4756 0.240828
0.000000 -1.200000 -92.6421 0.189578
0.000000 -1.100000 -95.3844 0.134019
0.000000 -1.000000 -104.495 0.0739884
0.000000 -0.900000 -175.236 0.0280594
0.000000 -0.800000 119.514 0.0880562
0.000000 -0.700000 112.413 0.18161
0.000000 -0.600000 112.53 0.296925
0.000000 -0.500000 115.799 0.441204
0.000000 -0.400000 121.851 0.626114
0.000000 -0.300000 131.087 0.865118
0.000000 0.300000 -131.087 0.865116
0.000000 0.400000 -121.85 0.626113
0.000000 0.500000 -115.799 0.441203
0.000000 0.600000 -112.53 0.296924
0.000000 0.700000 -112.413 0.181609
0.000000 0.800000 -119.514 0.0880556
0.000000 0.900000 175.235 0.0280594
0.000000 1.000000 104.495 0.0739888
0.000000 1.100000 95.3843 0.134019
0.000000 1.200000 92.6421 0.189578
0.000000 1.300000 91.4756 0.240829
0.000000 1.400000 90.8909 0.288545
0.000000 1.500000 90.5675 0.333413
0.000000 1.600001 90.3764 0.375983
0.000000 1.700001 90.2577 0.416688
0.000000 1.800001 90.1812 0.455867
0.000000 1.900001 90.1302 0.493789
0.100000 -2.000000 -87.1761 0.531705
0.100000 -1.900000 -87.0398 0.494939
0.100000 -1.800000 -86.8934 0.45716
0.100000 -1.700000 -86.7377 0.418165
0.100000 -1.600000 -86.5758 0.377702
0.100000 -1.500000 -86.4152 0.335454
0.100000 -1.400000 -86.2737 0.291024
0.100000 -1.300000 -86.1947 0.243913
0.100000 -1.200000 -86.2916 0.193497
0.100000 -1.100000 -86.9213 0.139013
0.100000 -1.000000 -89.7351 0.0796459
0.100000 -0.900000 -124.038 0.0175992
0.100000 -0.800000 113.498 0.0625368
0.100000 -0.700000 109.25 0.14482
0.100000 -0.600000 110.429 0.237676
0.100000 -0.500000 113.909 0.340286
0.100000 -0.400000 119.739 0.449075
0.100000 -0.300000 128.667 0.555388
0.100000 -0.200000 141.67 0.645157
0.100000 -0.100000 159.204 0.703772
0.100000 0.000000 -180 0.723668
0.100000 0.100000 -159.204 0.703771
0.100000 0.200000 -141.67 0.645157
0.100000 0.300000 -128.667 0.555387
0.100000 0.400000 -119.739 0.449074
0.100000 0.500000 -113.909 0.340286
0.100000 0.600000 -110.429 0.237676
0.100000 0.700000 -109.25 0.144819
0.100000 0.800000 -113.498 0.0625363
0.100000 0.900000 124.037 0.0175995
0.100000 1.000000 89.7351 0.0796463
0.100000 1.100000 86.9213 0.139013
0.100000 1.200000 86.2916 0.193497
0.100000 1.300000 86.1947 0.243913
0.100000 1.400000 86.2737 0.291024
0.100000 1.500000 86.4152 0.335454
0.100000 1.600001 86.5758 0.377702
0.100000 1.700001 86.7377 0.418166
0.100000 1.800001 86.8934 0.457161
0.100000 1.900001 87.0398 0.49494
0.200000 -2.000000 -84.2704 0.534477
0.200000 -1.900000 -83.965 0.497945
0.200000 -1.800000 -83.6237 0.460445
0.200000 -1.700000 -83.2388 0.42179
0.200000 -1.600000 -82.8001 0.381746
0.200000 -1.500000 -82.2928 0.340026
0.200000 -1.400000 -81.6943 0.296274
0.200000 -1.300000 -80.9662 0.250053
0.200000 -1.200000 -80.033 0.200828
0.200000 -1.100000 -78.7102 0.147965
0.200000 -1.000000 -76.33 0.0907676
0.200000 -0.900000 -66.2432 0.0288585
0.200000 -0.800000 91.781 0.0407303
0.200000 -0.700000 99.1209 0.114425
0.200000 -0.600000 101.954 0.192753
0.200000 -0.500000 104.362 0.270687
0.200000 -0.400000 107.08 0.337138
0.200000 -0.300000 110.829 0.371859
0.200000 -0.200000 117.447 0.348484
0.200000 -0.100000 133.616 0.25852
0.200000 0.000000 -180 0.18394
0.200000 0.100000 -133.615 0.258521
0.200000 0.200000 -117.447 0.348484
0.200000 0.300000 -110.829 0.371859
0.200000 0.400000 -107.08 0.337137
0.200000 0.500000 -104.362 0.270687
0.200000 0.600000 -101.954 0.192753
0.200000 0.700000 -99.1209 0.114424
0.200000 0.800000 -91.7809 0.0407299
0.200000 0.900000 66.2434 0.028859
0.200000 1.000000 76.3301 0.090768
0.200000 1.100000 78.7102 0.147966
0.200000 1.200000 80.033 0.200828
0.200000 1.300000 80.9662 0.250053
0.200000 1.400000 81.6943 0.296275
0.200000 1.500000 82.2928 0.340026
0.200000 1.600001 82.8001 0.381746
0.200000 1.700001 83.2388 0.42179
0.200000 1.800001 83.6237 0.460445
0.200000 1.900001 83.965 0.497945
0.300000 -2.000000 -81.3947 0.538954
0.300000 -1.900000 -80.9259 0.502767
0.300000 -1.800000 -80.397 0.465673
0.300000 -1.700000 -79.7929 0.427499
0.300000 -1.600000 -79.0917 0.388035
0.300000 -1.500000 -78.2591 0.347022
0.300000 -1.400000 -77.2387 0.304149
0.300000 -1.300000 -75.9264 0.25904
0.300000 -1.200000 -74.1061 0.211264
0.300000 -1.100000 -71.239 0.160377
0.300000 -1.000000 -65.5364 0.106179
0.300000 -0.900000 -46.5787 0.0507937
0.300000 -0.800000 48.7424 0.0372464
0.300000 -0.700000 82.0489 0.0992429
0.300000 -0.600000 88.4463 0.173359
0.300000 -0.500000 89.374 0.250108
0.300000 -0.400000 86.7644 0.321201
0.300000 -0.300000 79.6704 0.372507
0.300000 -0.200000 65.3754 0.386152
0.300000 -0.100000 39.4232 0.359081
0.300000 0.000000 -0.000136749 0.335189
0.300000 0.100000 -39.4234 0.359081
0.300000 0.200000 -65.3755 0.386152
0.300000 0.300000 -79.6704 0.372507
0.300000 0.400000 -86.7645 0.3212
0.300000 0.500000 -89.374 0.250108
0.300000 0.600000 -88.4463 0.173359
0.300000 0.700000 -82.0488 0.0992424
0.300000 0.800000 -48.742 0.0372461
0.300000 0.900000 46.5789 0.0507941
0.300000 1.000000 65.5364 0.106179
0.300000 1.100000 71.2391 0.160377
0.300000 1.200000 74.1061 0.211264
0.300000 1.300000 75.9264 0.25904
0.300000 1.400000 77.2387 0.304149
0.300000 1.500000 78.2592 0.347023
0.300000 1.600001 79.0917 0.388035
0.300000 1.700001 79.7929 0.427499
0.300000 1.800001 80.397 0.465673
0.300000 1.900001 80.9259 0.502767
0.400000 -2.000000 -78.5645 0.545093
0.400000 -1.900000 -77.9411 0.509354
0.400000 -1.800000 -77.2363 0.472779
0.400000 -1.700000 -76.4291 0.435213
0.400000 -1.600000 -75.4881 0.396468
0.400000 -1.500000 -74.3648 0.356315
0.400000 -1.400000 -72.9785 0.314482
0.400000 -1.300000 -71.1821 0.27065
0.400000 -1.200000 -68.6774 0.224479
0.400000 -1.100000 -64.7618 0.175699
0.400000 -1.000000 -57.3806 0.124559
0.400000 -0.900000 -38.2628 0.0745137
0.400000 -0.800000 20.4949 0.0530839
0.400000 -0.700000 64.8481 0.100428
0.400000 -0.600000 76.422 0.17801
0.400000 -0.500000 78.0275 0.273756
0.400000 -0.400000 73.9709 0.392534
0.400000 -0.300000 64.3475 0.54861
0.400000 -0.200000 48.4553 0.76303
0.400000 0.200000 -48.4554 0.763028
0.400000 0.300000 -64.3476 0.548609
0.400000 0.400000 -73.971 0.392533
0.400000 0.500000 -78.0275 0.273755
0.400000 0.600000 -76.422 0.178009
0.400000 0.700000 -64.848 0.100427
0.400000 0.800000 -20.4944 0.0530837
0.400000 0.900000 38.263 0.074514
0.400000 1.000000 57.3806 0.124559
0.400000 1.100000 64.7618 0.1757
0.400000 1.200000 68.6774 0.224479
0.400000 1.300000 71.1821 0.27065
0.400000 1.400000 72.9785 0.314482
0.400000 1.500000 74.3648 0.356316
0.400000 1.600001 75.4881 0.396468
0.400000 1.700001 76.4291 0.435214
0.400000 1.800001 77.2364 0.472779
0.400000 1.900001 77.9411 0.509354
0.500000 -2.000000 -75.7936 0.552839
0.500000 -1.900000 -75.0271 0.51764
0.500000 -1.800000 -74.1615 0.481686
0.500000 -1.700000 -73.1715 0.44484
0.500000 -1.600000 -72.0198 0.406933
0.500000 -1.500000 -70.649 0.367766
0.500000 -1.400000 -68.9649 0.327099
0.500000 -1.300000 -66.8007 0.284661
0.500000 -1.200000 -63.83 0.240175
0.500000 -1.100000 -59.331 0.193475
0.500000 -1.000000 -51.4167 0.145005
0.500000 -0.900000 -34.0828 0.0982998
0.500000 -0.800000 8.16877 0.0731667
0.500000 -0.700000 52.8875 0.108455
0.500000 -0.600000 70.0469 0.190749
0.500000 -0.500000 74.6905 0.311534
0.500000 -0.400000 73.0849 0.494253
0.500000 -0.300000 66.4144 0.805892
0.500000 0.300000 -66.4145 0.805889
0.500000 0.400000 -73.0849 0.494251
0.500000 0.500000 -74.6905 0.311533
0.500000 0.600000 -70.0469 0.190749
0.500000 0.700000 -52.8872 0.108455
0.500000 0.800000 -8.16838 0.0731666
0.500000 0.900000 34.083 0.0983001
0.500000 1.000000 51.4168 0.145006
0.500000 1.100000 59.331 0.193475
0.500000 1.200000 63.83 0.240175
0.500000 1.300000 66.8007 0.284662
0.500000 1.400000 68.9649 0.3271
0.500000 1.500000 70.649 0.367766
0.500000 1.600001 72.0198 0.406934
0.500000 1.700001 73.1716 0.44484
0.500000 1.800001 74.1615 0.481687
0.500000 1.900001 75.0271 0.51764
0.600000 -2.000000 -73.094 0.562129
0.600000 -1.900000 -72.1976 0.527552
0.600000 -1.800000 -71.1886 0.492308
0.600000 -1.700000 -70.0392 0.456275
0.600000 -1.600000 -68.7091 0.419308
0.600000 -1.500000 -67.1375 0.381229
0.600000 -1.400000 -65.227 0.34183
0.600000 -1.300000 -62.8105 0.300872
0.600000 -1.200000 -59.5748 0.258111
0.600000 -1.100000 -54.8685 0.213405
0.600000 -1.000000 -47.1411 0.167144
0.600000 -0.900000 -32.1356 0.122145
0.600000 -0.800000 0.477906 0.0923997
0.600000 -0.700000 44.2447 0.113941
0.600000 -0.600000 67.8103 0.195003
0.600000 -0.500000 77.0112 0.33231
0.600000 -0.400000 79.6399 0.565461
0.600000 0.400000 -79.6399 0.565459
0.600000 0.500000 -77.0111 0.332309
0.600000 0.600000 -67.8103 0.195003
0.600000 0.700000 -44.2445 0.113941
0.600000 0.800000 -0.477658 0.0923998
0.600000 0.900000 32.1357 0.122145
0.600000 1.000000 47.1411 0.167144
0.600000 1.100000 54.8685 0.213405
0.600000 1.200000 59.5748 0.258111
0.600000 1.300000 62.8105 0.300873
0.600000 1.400000 65.2271 0.341831
0.600000 1.500000 67.1375 0.381229
0.600000 1.600001 68.7091 0.419308
0.600000 1.700001 70.0392 0.456275
0.600000 1.800001 71.1886 0.492308
0.600000 1.900001 72.1976 0.527552
0.700000 -2.000000 -70.4753 0.572892
0.700000 -1.900000 -69.4634 0.539007
0.700000 -1.800000 -68.3295 0.504547
0.700000 -1.700000 -67.0449 0.469408
0.700000 -1.600000 -65.5693 0.433463
0.700000 -1.500000 -63.8431 0.396558
0.700000 -1.400000 -61.7736 0.358509
0.700000 -1.300000 -59.2073 0.3191
0.700000 -1.200000 -55.8703 0.2781
0.700000 -1.100000 -51.2256 0.235337
0.700000 -1.000000 -44.0955 0.190993
0.700000 -0.900000 -31.5565 0.146834
0.700000 -0.800000 -6.41206 0.111602
0.700000 -0.700000 34.8207 0.114527
0.700000 -0.600000 66.2236 0.182309
0.700000 -0.500000 81.4918 0.316942
0.700000 -0.400000 89.3275 0.557389
0.700000 0.400000 -89.3275 0.557387
0.700000 0.500000 -81.4917 0.316941
0.700000 0.600000 -66.2234 0.182308
0.700000 0.700000 -34.8204 0.114526
0.700000 0.800000 6.41231 0.111602
0.700000 0.900000 31.5566 0.146834
0.700000 1.000000 44.0956 0.190993
0.700000 1.100000 51.2256 0.235337
0.700000 1.200000 55.8703 0.2781
0.700000 1.300000 59.2074 0.3191
0.700000 1.400000 61.7736 0.358509
0.700000 1.500000 63.8431 0.396558
0.700000 1.600001 65.5693 0.433463
0.700000 1.700001 67.0449 0.469408
0.700000 1.800001 68.3295 0.504548
0.700000 1.900001 69.4634 0.539007
0.800000 -2.000000 -67.9449 0.58505
0.800000 -1.900000 -66.8323 0.551917
0.800000 -1.800000 -65.592 0.518304
0.800000 -1.700000 -64.1962 0.484123
0.800000 -1.600000 -62.6064 0.449267
0.800000 -1.500000 -60.7677 0.413603
0.800000 -1.400000 -58.5973 0.37697
0.800000 -1.300000 -55.9639 0.339172
0.800000 -1.200000 -52.6441 0.299985
0.800000 -1.100000 -48.2275 0.259189
0.800000 -1.000000 -41.88 0.216733
0.800000 -0.900000 -31.702 0.173387
0.800000 -0.800000 -13.0302 0.133541
0.800000 -0.700000 21.7024 0.115439
0.800000 -0.600000 60.9719 0.154747
0.800000 -0.500000 84.6812 0.264585
0.800000 -0.400000 98.4685 0.464785
0.800000 -0.300000 109.24 0.842136
0.800000 0.300000 -109.24 0.842133
0.800000 0.400000 -98.4685 0.464783
0.800000 0.500000 -84.6811 0.264584
0.800000 0.600000 -60.9717 0.154747
0.800000 0.700000 -21.7021 0.115439
0.800000 0.800000 13.0304 0.133541
0.800000 0.900000 31.702 0.173387
0.800000 1.000000 41.88 0.216733
0.800000 1.100000 48.2275 0.259189
0.800000 1.200000 52.6441 0.299985
0.800000 1.300000 55.9639 0.339172
0.800000 1.400000 58.5973 0.37697
0.800000 1.500000 60.7677 0.413603
0.800000 1.600001 62.6064 0.449267
0.800000 1.700001 64.1962 0.484123
0.800000 1.800001 65.592 0.518304
0.800000 1.900001 66.8323 0.551917
0.900000 -2.000000 -65.508 0.598524
0.900000 -1.900000 -64.3093 0.56619
0.900000 -1.800000 -62.9804 0.533473
0.900000 -1.700000 -61.4956 0.5003
0.900000 -1.600000 -59.8198 0.466584
0.900000 -1.500000 -57.9047 0.432213
0.900000 -1.400000 -55.6802 0.397049
0.900000 -1.300000 -53.0398 0.360917
0.900000 -1.200000 -49.8127 0.323605
0.900000 -1.100000 -45.7046 0.284865
0.900000 -1.000000 -40.1639 0.244477
0.900000 -0.900000 -32.0431 0.202517
0.900000 -0.800000 -18.6783 0.160491
0.900000 -0.700000 6.06901 0.126136
0.900000 -0.600000 46.4302 0.126139
0.900000 -0.500000 82.0794 0.191908
0.900000 -0.400000 103.742 0.328916
0.900000 -0.300000 119.571 0.558572
0.900000 -0.200000 135.473 0.926313
0.900000 0.200000 -135.472 0.92631
0.900000 0.300000 -119.571 0.55857
0.900000 0.400000 -103.742 0.328914
0.900000 0.500000 -82.0793 0.191908
0.900000 0.600000 -46.43 0.126139
0.900000 0.700000 -6.06878 0.126136
0.900000 0.800000 18.6783 0.160491
0.900000 0.900000 32.0432 0.202517
0.900000 1.000000 40.1639 0.244477
0.900000 1.100000 45.7047 0.284866
0.900000 1.200000 49.8128 0.323606
0.900000 1.300000 53.0398 0.360918
0.900000 1.400000 55.6802 0.397049
0.900000 1.500000 57.9048 0.432213
0.900000 1.600001 59.8199 0.466584
0.900000 1.700001 61.4956 0.500301
0.900000 1.800001 62.9804 0.533473
0.900000 1.900001 64.3093 0.56619
1.000000 -2.000000 -63.1678 0.61323
1.000000 -1.900000 -61.8967 0.581732
1.000000 -1.800000 -60.4959 0.549947
1.000000 -1.700000 -58.942 0.517819
1.000000 -1.600000 -57.2045 0.485279
1.000000 -1.500000 -55.2423 0.452235
1.000000 -1.400000 -52.9984 0.418576
1.000000 -1.300000 -50.391 0.384153
1.000000 -1.200000 -47.2956 0.348776
1.000000 -1.100000 -43.5136 0.312203
1.000000 -1.000000 -38.7034 0.274143
1.000000 -0.900000 -32.2246 0.23433
1.000000 -0.800000 -22.7397 0.192852
1.000000 -0.700000 -7.12792 0.151563
1.000000 -0.600000 21.4926 0.119941
1.000000 -0.500000 64.8392 0.127105
1.000000 -0.400000 100.276 0.196164
1.000000 -0.300000 123.186 0.318005
1.000000 -0.200000 141.734 0.479232
1.000000 -0.100000 160.306 0.639849
1.000000 0.000000 -180 0.712498
1.000000 0.100000 -160.306 0.639848
1.000000 0.200000 -141.734 0.479231
1.000000 0.300000 -123.186 0.318004
1.000000 0.400000 -100.275 0.196163
1.000000 0.500000 -64.8389 0.127105
1.000000 0.600000 -21.4924 0.119941
1.000000 0.700000 7.12806 0.151563
1.000000 0.800000 22.7397 0.192852
1.000000 0.900000 32.2246 0.234331
1.000000 1.000000 38.7034 0.274143
1.000000 1.100000 43.5136 0.312203
1.000000 1.200000 47.2957 0.348777
1.000000 1.300000 50.391 0.384153
1.000000 1.400000 52.9985 0.418576
1.000000 1.500000 55.2423 0.452236
1.000000 1.600001 57.2045 0.485279
1.000000 1.700001 58.942 0.517819
1.000000 1.800001 60.4959 0.549947
1.000000 1.900001 61.8967 0.581732
1.100000 -2.000000 -60.9256 0.629084
1.100000 -1.900000 -59.5948 0.598447
1.100000 -1.800000 -58.137 0.567619
1.100000 -1.700000 -56.5315 0.536559
1.100000 -1.600000 -54.7522 0.505214
1.100000 -1.500000 -52.7655 0.473517
1.100000 -1.400000 -50.5268 0.44138
1.100000 -1.300000 -47.9753 0.408687
1.100000 -1.200000 -45.0246 0.375282
1.100000 -1.100000 -41.5475 0.340958
1.100000 -1.000000 -37.3451 0.305441
1.100000 -0.900000 -32.0871 0.268389
1.100000 -0.800000 -25.175 0.229442
1.100000 -0.700000 -15.4017 0.18848
1.100000 -0.600000 -0.00785008 0.146705
1.100000 -0.500000 27.4794 0.110971
1.100000 -0.400000 72.2849 0.104253
1.100000 -0.300000 113.14 0.145747
1.100000 -0.200000 139.951 0.213184
1.100000 -0.100000 160.774 0.27463
1.100000 0.000000 -180 0.299893
1.100000 0.100000 -160.774 0.274629
1.100000 0.200000 -139.951 0.213184
1.100000 0.300000 -113.14 0.145747
1.100000 0.400000 -72.2847 0.104253
1.100000 0.500000 -27.4792 0.110971
1.100000 0.600000 0.00800628 0.146705
1.100000 0.700000 15.4018 0.18848
1.100000 0.800000 25.1751 0.229442
1.100000 0.900000 32.0871 0.268389
1.100000 1.000000 37.3451 0.305441
1.100000 1.100000 41.5475 0.340958
1.100000 1.200000 45.0247 0.375282
1.100000 1.300000 47.9753 0.408687
1.100000 1.400000 50.5268 0.44138
1.100000 1.500000 52.7655 0.473517
1.100000 1.600001 54.7522 0.505214
1.100000 1.700001 56.5315 0.536559
1.100000 1.800001 58.137 0.567619
1.100000 1.900001 59.5948 0.598447
1.200000 -2.000000 -58.7813 0.646001
1.200000 -1.900000 -57.4026 0.616242
1.200000 -1.800000 -55.9008 0.586384
1.200000 -1.700000 -54.2582 0.5564
1.200000 -1.600000 -52.4532 0.526257
1.200000 -1.500000 -50.4589 0.495906
1.200000 -1.400000 -48.2413 0.465287
1.200000 -1.300000 -45.7566 0.434318
1.200000 -1.200000 -42.9473 0.402884
1.200000 -1.100000 -39.7353 0.370833
1.200000 -1.000000 -36.0118 0.337957
1.200000 -0.900000 -31.6192 0.30398
1.200000 -0.800000 -26.3184 0.268552
1.200000 -0.700000 -19.7245 0.231277
1.200000 -0.600000 -11.1631 0.191841
1.200000 -0.500000 0.689485 0.150405
1.200000 -0.400000 18.8314 0.108755
1.200000 -0.300000 50.4269 0.073509
1.200000 -0.200000 101.055 0.0601573
1.200000 -0.100000 146.848 0.0696723
1.200000 0.000000 -180 0.076628
1.200000 0.100000 -146.848 0.0696723
1.200000 0.200000 -101.054 0.0601573
1.200000 0.300000 -50.4266 0.0735091
1.200000 0.400000 -18.8313 0.108755
1.200000 0.500000 -0.68937 0.150406
1.200000 0.600000 11.1632 0.191841
1.200000 0.700000 19.7246 0.231277
1.200000 0.800000 26.3185 0.268552
1.200000 0.900000 31.6192 0.303981
1.200000 1.000000 36.0118 0.337958
1.200000 1.100000 39.7353 0.370834
1.200000 1.200000 42.9473 0.402884
1.200000 1.300000 45.7567 0.434318
1.200000 1.400000 48.2413 0.465288
1.200000 1.500000 50.4589 0.495906
1.200000 1.600001 52.4533 0.526257
1.200000 1.700001 54.2582 0.556401
1.200000 1.800001 55.9008 0.586384
1.200000 1.900001 57.4026 0.616242
1.300000 -2.000000 -56.7339 0.663899
1.300000 -1.900000 -55.3173 0.635024
1.300000 -1.800000 -53.7829 0.606138
1.300000 -1.700000 -52.1155 0.577229
1.300000 -1.600000 -50.2974 0.548277
1.300000 -1.500000 -48.3075 0.519256
1.300000 -1.400000 -46.1206 0.490131
1.300000 -1.300000 -43.706 0.46085
1.300000 -1.200000 -41.0263 0.431346
1.300000 -1.100000 -38.0357 0.401523
1.300000 -1.000000 -34.678 0.371256
1.300000 -0.900000 -30.8847 0.34038
1.300000 -0.800000 -26.5742 0.308692
1.300000 -0.700000 -21.6545 0.275972
1.300000 -0.600000 -16.0367 0.242034
1.300000 -0.500000 -9.67633 0.206855
1.300000 -0.400000 -2.68759 0.17081
1.300000 -0.300000 4.3607 0.135043
1.300000 -0.200000 9.73504 0.101978
1.300000 -0.100000 9.44027 0.0762167
1.300000 0.000000 -0 0.0657242
1.300000 0.100000 -9.44026 0.0762168
1.300000 0.200000 -9.73503 0.101978
1.300000 0.300000 -4.36069 0.135043
1.300000 0.400000 2.68762 0.17081
1.300000 0.500000 9.67638 0.206855
1.300000 0.600000 16.0367 0.242035
1.300000 0.700000 21.6545 0.275973
1.300000 0.800000 26.5742 0.308693
1.300000 0.900000 30.8848 0.34038
1.300000 1.000000 34.678 0.371256
1.300000 1.100000 38.0357 0.401524
1.300000 1.200000 41.0263 0.431346
1.300000 1.300000 43.706 0.46085
1.300000 1.400000 46.1206 0.490131
1.300000 1.500000 48.3076 0.519257
1.300000 1.600001 50.2974 0.548277
1.300000 1.700001 52.1155 0.577229
1.300000 1.800001 53.7829 0.606138
1.300000 1.900001 55.3173 0.635024
1.400000 -2.000000 -54.7811 0.682697
1.400000 -1.900000 -53.3358 0.654704
1.400000 -1.800000 -51.7782 0.626784
1.400000 -1.700000 -50.0958 0.598936
1.400000 -1.600000 -48.2744 0.571154
1.400000 -1.500000 -46.2976 0.543431
1.400000 -1.400000 -44.1468 0.515753
1.400000 -1.300000 -41.801 0.488102
1.400000 -1.200000 -39.2364 0.460447
1.400000 -1.100000 -36.4272 0.432748
1.400000 -1.000000 -33.3463 0.404953
1.400000 -0.900000 -29.968 0.377002
1.400000 -0.800000 -26.2733 0.348838
1.400000 -0.700000 -22.2607 0.320432
1.400000 -0.600000 -17.966 0.291848
1.400000 -0.500000 -13.4958 0.263344
1.400000 -0.400000 -9.07745 0.235553
1.400000 -0.300000 -5.10602 0.209715
1.400000 -0.200000 -2.11387 0.187889
1.400000 -0.100000 -0.501421 0.172888
1.400000 0.000000 0 0.167482
1.400000 0.100000 0.501421 0.172888
1.400000 0.200000 2.1139 0.187889
1.400000 0.300000 5.10604 0.209715
1.400000 0.400000 9.07747 0.235554
1.400000 0.500000 13.4958 0.263344
1.400000 0.600000 17.966 0.291848
1.400000 0.700000 22.2608 0.320432
1.400000 0.800000 26.2734 0.348838
1.400000 0.900000 29.9681 0.377003
1.400000 1.000000 33.3463 0.404953
1.400000 1.100000 36.4272 0.432748
1.400000 1.200000 39.2364 0.460447
1.400000 1.300000 41.801 0.488102
1.400000 1.400000 44.1468 0.515754
1.400000 1.500000 46.2976 0.543431
1.400000 1.600001 48.2744 0.571154
1.400000 1.700001 50.0959 0.598936
1.400000 1.800001 51.7782 0.626785
1.400000 1.900001 53.3358 0.654705
1.500000 -2.000000 -52.9202 0.70232
1.500000 -1.900000 -51.4539 0.6752
1.500000 -1.800000 -49.8813 0.64823
1.500000 -1.700000 -48.1921 0.621419
1.500000 -1.600000 -46.3748 0.594774
1.500000 -1.500000 -44.4169 0.568303
1.500000 -1.400000 -42.305 0.542014
1.500000 -1.300000 -40.0246 0.51591
1.500000 -1.200000 -37.561 0.489996
1.500000 -1.100000 -34.9003 0.464275
1.500000 -1.000000 -32.0307 0.438752
1.500000 -0.900000 -28.9454 0.413445
1.500000 -0.800000 -25.6478 0.388395
1.500000 -0.700000 -22.158 0.363696
1.500000 -0.600000 -18.5231 0.339545
1.500000 -0.500000 -14.8285 0.316308
1.500000 -0.400000 -11.2047 0.294611
1.500000 -0.300000 -7.8173 0.275425
1.500000 -0.200000 -4.81897 0.260064
1.500000 -0.100000 -2.25918 0.25001
1.500000 0.000000 0 0.246496
1.500000 0.100000 2.25921 0.25001
1.500000 0.200000 4.81899 0.260065
1.500000 0.300000 7.81731 0.275425
1.500000 0.400000 11.2047 0.294611
1.500000 0.500000 14.8285 0.316308
1.500000 0.600000 18.5231 0.339546
1.500000 0.700000 22.158 0.363697
1.500000 0.800000 25.6478 0.388395
1.500000 0.900000 28.9454 0.413445
1.500000 1.000000 32.0307 0.438752
1.500000 1.100000 34.9003 0.464275
1.500000 1.200000 37.561 0.489996
1.500000 1.300000 40.0246 0.51591
1.500000 1.400000 42.305 0.542014
1.500000 1.500000 44.4169 0.568304
1.500000 1.600001 46.3748 0.594774
1.500000 1.700001 48.1921 0.621419
1.500000 1.800001 49.8813 0.648231
1.500000 1.900001 51.4539 0.675201
1.600001 -2.000000 -51.1481 0.722695
1.600001 -1.900000 -49.6675 0.696433
1.600001 -1.800000 -48.0866 0.670391
1.600001 -1.700000 -46.397 0.644585
1.600001 -1.600000 -44.5896 0.619036
1.600001 -1.500000 -42.6547 0.593763
1.600001 -1.400000 -40.5828 0.568789
1.600001 -1.300000 -38.3639 0.544139
1.600001 -1.200000 -35.9893 0.51984
1.600001 -1.100000 -33.4515 0.495928
1.600001 -1.000000 -30.7466 0.472448
1.600001 -0.900000 -27.8757 0.449466
1.600001 -0.800000 -24.8482 0.427078
1.600001 -0.700000 -21.6854 0.405438
1.600001 -0.600000 -18.424 0.384782
1.600001 -0.500000 -15.1187 0.365469
1.600001 -0.400000 -11.8392 0.348015
1.600001 -0.300000 -8.6587 0.33311
1.600001 -0.200000 -5.6314 0.321572
1.600001 -0.100000 -2.764 0.314225
1.600001 0.000000 0 0.311697
1.600001 0.100000 2.76402 0.314225
1.600001 0.200000 5.63141 0.321572
1.600001 0.300000 8.65872 0.33311
1.600001 0.400000 11.8392 0.348015
1.600001 0.500000 15.1188 0.365469
1.600001 0.600000 18.4241 0.384782
1.600001 0.700000 21.6854 0.405439
1.600001 0.800000 24.8482 0.427078
1.600001 0.900000 27.8758 0.449466
1.600001 1.000000 30.7467 0.472448
1.600001 1.100000 33.4516 0.495928
1.600001 1.200000 35.9893 0.51984
1.600001 1.300000 38.3639 0.544139
1.600001 1.400000 40.5828 0.568789
1.600001 1.500000 42.6548 0.593764
1.600001 1.600001 44.5896 0.619036
1.600001 1.700001 46.397 0.644586
1.600001 1.800001 48.0867 0.670391
1.600001 1.900001 49.6675 0.696433
1.700001 -2.000000 -49.4612 0.743755
1.700001 -1.900000 -47.972 0.71833
1.700001 -1.800000 -46.3886 0.693187
1.700001 -1.700000 -44.7038 0.668352
1.700001 -1.600000 -42.9106 0.64385
1.700001 -1.500000 -41.0017 0.619714
1.700001 -1.400000 -38.9699 0.595976
1.700001 -1.300000 -36.8089 0.572676
1.700001 -1.200000 -34.5132 0.549859
1.700001 -1.100000 -32.0794 0.527582
1.700001 -1.000000 -29.5071 0.505913
1.700001 -0.900000 -26.8002 0.484944
1.700001 -0.800000 -23.9685 0.464798
1.700001 -0.700000 -21.0297 0.445642
1.700001 -0.600000 -18.0096 0.427707
1.700001 -0.500000 -14.9426 0.411303
1.700001 -0.400000 -11.8676 0.39683
1.700001 -0.300000 -8.82173 0.384768
1.700001 -0.200000 -5.83009 0.375637
1.700001 -0.100000 -2.8964 0.369922
1.700001 0.000000 1.55706e-05 0.367974
1.700001 0.100000 2.89642 0.369922
1.700001 0.200000 5.83011 0.375637
1.700001 0.300000 8.82174 0.384768
1.700001 0.400000 11.8676 0.396831
1.700001 0.500000 14.9426 0.411303
1.700001 0.600000 18.0096 0.427707
1.700001 0.700000 21.0297 0.445642
1.700001 0.800000 23.9686 0.464798
1.700001 0.900000 26.8002 0.484944
1.700001 1.000000 29.5071 0.505913
1.700001 1.100000 32.0794 0.527582
1.700001 1.200000 34.5132 0.549859
1.700001 1.300000 36.8089 0.572676
1.700001 1.400000 38.9699 0.595976
1.700001 1.500000 41.0017 0.619714
1.700001 1.600001 42.9106 0.643851
1.700001 1.700001 44.7039 0.668352
1.700001 1.800001 46.3886 0.693187
1.700001 1.900001 47.9721 0.71833
1.800001 -2.000000 -47.8558 0.765437
1.800001 -1.900000 -46.3631 0.740824
1.800001 -1.800000 -44.7817 0.716549
1.800001 -1.700000 -43.106 0.692643
1.800001 -1.600000 -41.3304 0.669138
1.800001 -1.500000 -39.4494 0.646072
1.800001 -1.400000 -37.4578 0.623488
1.800001 -1.300000 -35.3513 0.601435
1.800001 -1.200000 -33.1268 0.579968
1.800001 -1.100000 -30.783 0.559156
1.800001 -1.000000 -28.3211 0.53908
1.800001 -0.900000 -25.7456 0.519842
1.800001 -0.800000 -23.0654 0.50157
1.800001 -0.700000 -20.2939 0.484427
1.800001 -0.600000 -17.4494 0.468618
1.800001 -0.500000 -14.5543 0.454399
1.800001 -0.400000 -11.6324 0.44207
1.800001 -0.300000 -8.70552 0.431969
1.800001 -0.200000 -5.78918 0.424438
1.800001 -0.100000 -2.88891 0.419779
1.800001 0.000000 1.37006e-05 0.4182
1.800001 0.100000 2.88893 0.419779
1.800001 0.200000 5.78921 0.424438
1.800001 0.300000 8.70554 0.431969
1.800001 0.400000 11.6324 0.44207
1.800001 0.500000 14.5543 0.454399
1.800001 0.600000 17.4494 0.468618
1.800001 0.700000 20.2939 0.484427
1.800001 0.800000 23.0654 0.50157
1.800001 0.900000 25.7457 0.519842
1.800001 1.000000 28.3211 0.53908
1.800001 1.100000 30.783 0.559156
1.800001 1.200000 33.1268 0.579968
1.800001 1.300000 35.3513 0.601435
1.800001 1.400000 37.4578 0.623489
1.800001 1.500000 39.4494 0.646073
1.800001 1.600001 41.3304 0.669138
1.800001 1.700001 43.106 0.692643
1.800001 1.800001 44.7817 0.71655
1.800001 1.900001 46.3631 0.740824
1.900001 -2.000000 -46.3283 0.787684
1.900001 -1.900000 -44.8361 0.763856
1.900001 -1.800000 -43.2607 0.740415
1.900001 -1.700000 -41.5975 0.717394
1.900001 -1.600000 -39.8422 0.694832
1.900001 -1.500000 -37.9905 0.672771
1.900001 -1.400000 -36.0387 0.651259
1.900001 -1.300000 -33.984 0.63035
1.900001 -1.200000 -31.8247 0.610106
1.900001 -1.100000 -29.5606 0.590602
1.900001 -1.000000 -27.1938 0.571922
1.900001 -0.900000 -24.7285 0.554169
1.900001 -0.800000 -22.1721 0.537466
1.900001 -0.700000 -19.5351 0.521962
1.900001 -0.600000 -16.8308 0.507832
1.900001 -0.500000 -14.0746 0.495282
1.900001 -0.400000 -11.2826 0.484538
1.900001 -0.300000 -8.46982 0.475843
1.900001 -0.200000 -5.64785 0.469428
1.900001 -0.100000 -2.82373 0.465489
1.900001 0.000000 1.2344e-05 0.464161
1.900001 0.100000 2.82376 0.465489
1.900001 0.200000 5.64786 0.469428
1.900001 0.300000 8.46984 0.475843
1.900001 0.400000 11.2826 0.484538
1.900001 0.500000 14.0746 0.495282
1.900001 0.600000 16.8308 0.507832
1.900001 0.700000 19.5351 0.521962
1.900001 0.800000 22.1722 0.537466
1.900001 0.900000 24.7285 0.554169
1.900001 1.000000 27.1938 0.571922
1.900001 1.100000 29.5607 0.590602
1.900001 1.200000 31.8247 0.610107
1.900001 1.300000 33.984 0.63035
1.900001 1.400000 36.0387 0.651259
1.900001 1.500000 37.9905 0.672771
1.900001 1.600001 39.8422 0.694832
1.900001 1.700001 41.5976 0.717394
1.900001 1.800001 43.2607 0.740415
1.900001 1.900001 44.8361 0.763856
